v2.0 raw
1001011001101111
1001000000100001
1001000000110011
0001001000110001
0001000100110100
0001000100100101
0111001100100011
0000001000100010
1100000100100001
1000000111110000
0010010000010101
1011010001000001
1010010001000001
0101001100100011
0110001001000001
1111010001010010
1000000111010000
1001011001101111
0111011000010000
1001011001101111
0111011000100000
1110000100010100
0101011000010000
1001011001100001
1101001100110000
0101011000110000
1001011001100001
0011001100110011
1000000111110000
1100000100110001
1000000100010000
